113.28,2
113.50,2
113.28,2
113.71,2
114.36,2
114.86,2
113.85,2
113.13,2
114.52,2
115.85,2
113.55,2
113.49,2
114.97,2
114.86,2
113.13,2
114.15,2
109.19,2
109.13,2
108.48,2
108.57,2
105.67,2
105.90,2
107.08,2
105.71,2
106.27,2
105.14,2
106.81,2
106.02,2
105.25,2
105.06,2
104.26,2
105.27,2
104.98,2
105.06,2
103.98,2
105.62,2
105.60,2
105.53,2
105.15,2
105.84,2
103.90,2
104.68,2
104.35,2
105.49,2
106.10,2
105.93,2
104.58,2
105.03,2
106.17,2
107.04,2
78.12,1
71.61,1
77.72,1
73.48,1
77.04,1
74.02,1
76.98,1
73.50,1
78.53,1
72.49,1
78.61,1
72.21,1
78.81,1
72.49,1
78.92,1
72.78,1
78.89,1
73.70,1
76.79,1
77.15,1
73.48,1
78.57,1
74.00,1
77.16,1
76.50,1
74.32,1
78.17,1
73.72,1
77.74,1
76.31,1
74.32,1
78.79,1
73.29,1
76.57,1
77.48,1
74.25,1
77.05,1
76.78,1
73.72,1
77.63,1
77.34,1
73.69,1
76.12,1
78.11,1
74.45,1
74.34,1
78.39,1
74.90,1
78.36,1
75.48,1
29.77,0
29.74,0
29.76,0
29.74,0
29.76,0
29.75,0
29.74,0
29.76,0
29.77,0
29.76,0
29.75,0
29.75,0
29.94,0
29.93,0
29.90,0
29.82,0
29.95,0
30.00,0
29.98,0
29.99,0
29.98,0
29.87,0
29.80,0
29.67,0
29.67,0
29.98,0
30.01,0
29.99,0
29.95,0
29.80,0
29.84,0
29.90,0
29.90,0
29.88,0
29.87,0
29.89,0
29.88,0
29.89,0
29.90,0
29.89,0
29.90,0
29.89,0
29.90,0
29.90,0
29.84,0
29.72,0
29.72,0
29.72,0
29.72,0
29.72,0
157.38,3
157.39,3
156.64,3
157.50,3
157.98,3
157.13,3
158.27,3
158.99,3
158.15,3
158.28,3
158.12,3
158.49,3
158.77,3
159.12,3
158.68,3
158.20,3
158.35,3
158.58,3
157.75,3
157.41,3
157.70,3
157.19,3
157.90,3
157.41,3
157.73,3
156.18,3
155.53,3
156.32,3
156.24,3
155.98,3
155.29,3
155.67,3
154.91,3
155.34,3
155.12,3
154.91,3
155.53,3
155.29,3
156.19,3
154.67,3
155.87,3
155.81,3
156.44,3
155.62,3
156.73,3
154.88,3
155.57,3
156.14,3
156.14,3
156.47,3
