109.68,2
109.00,2
108.53,2
107.29,2
109.79,2
110.46,2
105.72,2
110.71,2
108.34,2
106.00,2
109.72,2
108.36,2
107.09,2
105.54,2
107.49,2
106.95,2
100.77,2
101.57,2
101.57,2
102.65,2
101.59,2
100.80,2
100.86,2
101.21,2
101.55,2
100.72,2
101.33,2
101.62,2
101.88,2
101.91,2
102.22,2
102.30,2
102.54,2
100.39,2
100.63,2
100.15,2
101.00,2
99.83,2
101.71,2
99.89,2
101.99,2
99.99,2
100.83,2
102.05,2
101.15,2
100.11,2
101.77,2
99.83,2
99.83,2
100.85,2
101.97,2
101.12,2
101.70,2
102.28,2
100.78,2
103.21,2
102.52,2
100.53,2
102.41,2
99.80,2
102.25,2
100.19,2
101.02,2
101.06,2
104.62,2
104.30,2
105.25,2
104.91,2
104.69,2
105.26,2
104.72,2
103.40,2
103.36,2
103.57,2
104.27,2
105.39,2
103.21,2
103.58,2
103.66,2
103.54,2
102.36,2
101.16,2
101.42,2
101.15,2
100.91,2
100.63,2
100.65,2
99.44,2
99.91,2
99.90,2
99.46,2
99.33,2
99.90,2
99.46,2
99.33,2
99.79,2
100.52,2
102.15,2
101.95,2
101.43,2
104.48,2
102.29,2
100.62,2
100.44,2
102.51,2
104.69,2
103.39,2
100.44,2
101.33,2
104.86,2
100.83,2
101.33,2
105.81,2
105.34,2
101.63,2
103.59,2
101.66,2
101.78,2
101.86,2
102.79,2
102.82,2
102.97,2
103.99,2
102.68,2
102.45,2
102.51,2
102.19,2
104.79,2
104.85,2
104.20,2
101.16,2
102.92,2
102.44,2
99.72,2
98.67,2
100.44,2
101.46,2
103.30,2
102.02,2
103.11,2
102.05,2
100.82,2
102.24,2
102.70,2
101.52,2
103.02,2
102.47,2
102.68,2
102.08,2
103.00,2
103.48,2
101.97,2
102.06,2
102.09,2
101.53,2
101.78,2
101.89,2
101.35,2
101.79,2
101.31,2
101.64,2
101.37,2
100.75,2
101.94,2
101.73,2
102.17,2
102.20,2
102.56,2
102.43,2
101.68,2
101.74,2
101.79,2
101.83,2
101.21,2
100.96,2
101.48,2
101.58,2
101.74,2
101.55,2
101.82,2
103.02,2
100.10,2
103.01,2
101.99,2
99.73,2
101.95,2
101.33,2
101.46,2
102.85,2
102.72,2
102.35,2
102.67,2
103.28,2
102.24,2
102.42,2
102.87,2
106.85,2
104.41,2
100.62,2
101.90,2
102.55,2
101.58,2
104.51,2
104.79,2
102.41,2
103.92,2
100.02,2
99.62,2
99.99,2
100.25,2
103.99,2
104.68,2
101.73,2
101.43,2
103.84,2
101.18,2
102.52,2
102.23,2
103.55,2
101.03,2
103.99,2
100.70,2
100.14,2
104.03,2
105.07,2
103.92,2
103.60,2
103.17,2
101.66,2
98.61,2
99.44,2
103.21,2
100.99,2
104.39,2
103.62,2
101.57,2
99.32,2
102.35,2
104.48,2
100.98,2
99.06,2
99.88,2
103.36,2
102.21,2
101.12,2
99.66,2
101.44,2
99.72,2
100.74,2
101.73,2
102.09,2
101.96,2
100.89,2
102.10,2
101.63,2
102.94,2
102.48,2
103.63,2
103.24,2
102.95,2
103.76,2
103.32,2
103.88,2
104.88,2
102.83,2
104.79,2
104.48,2
103.52,2
102.98,2
104.03,2
103.54,2
103.01,2
103.01,2
103.82,2
102.89,2
102.78,2
104.27,2
103.32,2
103.18,2
103.12,2
103.09,2
102.50,2
103.34,2
104.60,2
103.41,2
103.97,2
103.18,2
102.94,2
104.73,2
103.46,2
102.17,2
102.54,2
101.52,2
102.16,2
103.49,2
101.55,2
101.44,2
101.10,2
101.75,2
100.15,2
101.24,2
101.65,2
102.05,2
101.05,2
100.54,2
102.04,2
100.30,2
100.41,2
99.87,2
99.87,2
100.55,2
100.64,2
100.95,2
101.35,2
100.43,2
100.19,2
100.47,2
100.53,2
100.58,2
100.63,2
99.91,2
100.58,2
100.24,2
100.67,2
99.94,2
99.41,2
100.38,2
99.88,2
100.49,2
100.25,2
99.29,2
100.33,2
100.72,2
101.35,2
101.34,2
102.34,2
101.16,2
101.13,2
100.92,2
101.30,2
101.40,2
100.74,2
101.17,2
101.79,2
100.64,2
101.36,2
102.11,2
101.51,2
100.37,2
101.11,2
100.81,2
101.11,2
101.26,2
100.89,2
101.16,2
100.14,2
100.25,2
101.64,2
100.33,2
103.51,2
103.53,2
102.57,2
99.33,2
103.00,2
102.41,2
102.43,2
101.59,2
101.04,2
101.25,2
102.97,2
102.99,2
101.76,2
101.62,2
101.79,2
100.91,2
101.49,2
101.74,2
101.48,2
102.42,2
101.64,2
102.11,2
101.95,2
102.04,2
102.18,2
102.11,2
102.53,2
102.53,2
101.38,2
101.90,2
101.38,2
101.70,2
100.91,2
101.15,2
101.60,2
102.57,2
99.33,2
103.00,2
102.41,2
102.43,2
101.59,2
101.04,2
101.25,2
102.97,2
102.99,2
101.76,2
101.62,2
101.79,2
100.91,2
101.49,2
101.74,2
101.48,2
102.42,2
101.64,2
102.11,2
101.95,2
102.04,2
102.18,2
102.11,2
102.53,2
102.53,2
101.38,2
101.90,2
101.38,2
101.70,2
100.91,2
101.15,2
101.60,2
99.85,2
99.49,2
99.50,2
100.03,2
99.85,2
100.53,2
100.17,2
100.54,2
101.04,2
101.21,2
101.01,2
101.65,2
101.92,2
103.50,2
102.93,2
103.10,2
103.20,2
102.83,2
100.04,2
101.93,2
102.19,2
101.60,2
102.23,2
102.55,2
100.93,2
101.01,2
100.85,2
101.20,2
101.32,2
97.99,2
96.03,2
95.26,2
96.21,2
96.35,2
95.39,2
95.09,2
95.92,2
96.04,2
95.17,2
94.74,2
94.11,2
94.64,2
93.55,2
94.25,2
94.78,2
98.60,2
98.10,2
97.85,2
98.13,2
97.95,2
98.06,2
98.49,2
99.28,2
98.17,2
98.59,2
99.08,2
98.38,2
98.79,2
98.16,2
98.45,2
98.86,2
98.88,2
98.25,2
98.80,2
98.66,2
98.85,2
98.15,2
97.73,2
98.35,2
96.87,2
96.93,2
97.87,2
98.18,2
98.66,2
98.69,2
97.53,2
98.35,2
98.71,2
99.16,2
99.02,2
98.48,2
98.77,2
98.36,2
98.61,2
97.85,2
99.31,2
99.22,2
99.41,2
98.42,2
98.98,2
100.09,2
99.86,2
100.31,2
100.08,2
99.84,2
100.26,2
98.21,2
99.45,2
98.71,2
98.12,2
97.53,2
97.20,2
96.39,2
98.81,2
98.77,2
97.58,2
97.07,2
97.82,2
97.31,2
97.97,2
97.81,2
97.85,2
98.49,2
98.00,2
99.44,2
99.20,2
99.96,2
99.39,2
99.82,2
99.93,2
100.64,2
100.16,2
99.57,2
99.67,2
98.54,2
99.33,2
97.86,2
99.45,2
99.12,2
98.27,2
99.38,2
98.69,2
98.57,2
99.82,2
99.62,2
99.86,2
98.16,2
99.36,2
98.26,2
99.62,2
98.49,2
97.65,2
99.27,2
98.09,2
98.72,2
99.41,2
99.37,2
99.05,2
98.10,2
98.57,2
99.99,2
100.45,2
99.73,2
100.06,2
100.20,2
100.15,2
100.23,2
101.02,2
101.38,2
101.26,2
100.61,2
99.77,2
101.20,2
99.43,2
101.35,2
102.07,2
100.45,2
100.72,2
101.60,2
100.22,2
102.01,2
102.85,2
99.76,2
104.87,2
100.23,2
100.50,2
103.84,2
100.43,2
99.45,2
101.79,2
100.24,2
102.48,2
100.38,2
98.23,2
99.77,2
103.02,2
101.72,2
98.14,2
100.98,2
100.91,2
99.59,2
100.15,2
99.59,2
99.09,2
102.88,2
99.29,2
99.07,2
101.31,2
101.77,2
97.42,2
98.38,2
99.91,2
100.41,2
99.31,2
100.47,2
101.83,2
103.10,2
98.85,2
101.06,2
100.23,2
100.81,2
97.13,2
98.73,2
101.22,2
97.39,2
100.18,2
99.41,2
99.93,2
99.72,2
100.07,2
100.24,2
99.01,2
98.95,2
99.06,2
99.45,2
99.16,2
99.59,2
99.10,2
99.36,2
99.46,2
99.65,2
99.36,2
99.39,2
99.37,2
100.00,2
99.95,2
99.93,2
100.23,2
100.37,2
99.93,2
100.04,2
100.89,2
101.05,2
101.03,2
100.82,2
100.94,2
100.73,2
101.21,2
100.77,2
101.32,2
100.94,2
101.39,2
100.56,2
99.49,2
99.71,2
100.37,2
100.47,2
100.68,2
101.36,2
100.40,2
100.24,2
100.36,2
100.05,2
99.42,2
99.18,2
100.55,2
99.54,2
99.71,2
100.60,2
100.37,2
100.09,2
99.83,2
100.46,2
100.46,2
100.23,2
100.59,2
99.70,2
99.81,2
100.08,2
99.65,2
100.04,2
99.84,2
100.73,2
100.50,2
101.04,2
100.46,2
100.35,2
99.66,2
99.66,2
100.38,2
99.69,2
100.07,2
100.11,2
100.23,2
101.01,2
100.22,2
100.54,2
100.43,2
99.94,2
100.16,2
100.00,2
99.97,2
100.12,2
100.21,2
101.34,2
101.24,2
101.31,2
100.61,2
100.08,2
101.07,2
100.54,2
99.98,2
100.23,2
101.03,2
100.70,2
99.91,2
100.87,2
99.96,2
100.19,2
100.02,2
100.29,2
99.90,2
99.45,2
99.94,2
100.09,2
100.02,2
101.02,2
100.81,2
100.71,2
101.55,2
100.69,2
100.62,2
101.00,2
100.82,2
101.15,2
100.94,2
100.49,2
101.02,2
101.37,2
100.21,2
100.38,2
100.90,2
100.31,2
101.26,2
100.79,2
100.51,2
100.40,2
99.92,2
99.99,2
99.56,2
100.06,2
100.16,2
100.03,2
99.84,2
99.70,2
99.28,2
99.71,2
99.33,2
99.49,2
99.45,2
99.36,2
99.16,2
99.61,2
100.05,2
99.03,2
101.31,2
100.38,2
100.81,2
100.84,2
100.09,2
100.56,2
100.38,2
100.69,2
100.52,2
100.32,2
100.92,2
100.83,2
100.93,2
100.54,2
102.50,2
101.94,2
101.40,2
101.44,2
101.56,2
102.24,2
101.46,2
102.37,2
100.94,2
102.68,2
102.23,2
101.97,2
103.24,2
101.82,2
103.61,2
100.64,2
101.74,2
101.70,2
101.29,2
102.76,2
102.43,2
101.16,2
101.70,2
103.25,2
99.85,2
102.10,2
105.03,2
105.15,2
104.20,2
103.41,2
102.54,2
100.20,2
101.55,2
100.88,2
102.11,2
101.09,2
100.43,2
101.91,2
99.93,2
101.84,2
101.66,2
100.79,2
100.62,2
100.87,2
101.37,2
100.39,2
100.25,2
99.51,2
100.39,2
101.66,2
99.36,2
101.70,2
100.51,2
100.72,2
99.87,2
100.19,2
101.42,2
101.94,2
101.18,2
101.75,2
99.28,2
99.54,2
100.31,2
97.07,2
96.28,2
97.62,2
98.78,2
98.74,2
98.85,2
98.61,2
99.62,2
99.09,2
98.29,2
101.16,2
99.98,2
97.50,2
101.48,2
100.31,2
100.12,2
100.60,2
101.99,2
100.72,2
100.62,2
101.53,2
101.57,2
100.12,2
100.72,2
100.42,2
100.25,2
100.78,2
100.90,2
99.47,2
101.96,2
100.79,2
100.69,2
100.23,2
101.33,2
100.57,2
100.90,2
100.01,2
100.53,2
100.88,2
100.12,2
100.46,2
100.81,2
102.67,2
102.09,2
101.76,2
101.71,2
100.95,2
100.79,2
101.02,2
100.37,2
100.60,2
101.50,2
100.91,2
100.94,2
100.61,2
99.82,2
101.36,2
99.92,2
101.64,2
100.20,2
102.34,2
102.34,2
101.25,2
102.11,2
100.84,2
102.23,2
100.41,2
105.09,2
100.58,2
103.24,2
100.00,2
104.34,2
102.57,2
99.74,2
104.52,2
101.14,2
99.52,2
103.47,2
98.46,2
100.76,2
101.78,2
100.75,2
99.88,2
101.05,2
101.22,2
100.98,2
100.55,2
101.76,2
100.13,2
101.05,2
101.95,2
101.15,2
101.22,2
102.31,2
102.26,2
103.94,2
101.71,2
102.68,2
102.95,2
102.50,2
102.04,2
102.29,2
101.75,2
103.01,2
103.45,2
101.97,2
101.83,2
102.69,2
102.14,2
101.76,2
103.09,2
102.42,2
103.38,2
102.61,2
102.52,2
102.43,2
103.33,2
102.16,2
102.52,2
101.91,2
101.73,2
101.44,2
102.59,2
101.67,2
101.25,2
101.55,2
100.88,2
102.15,2
101.56,2
100.89,2
102.08,2
100.19,2
101.78,2
101.09,2
99.83,2
100.92,2
101.78,2
100.70,2
102.84,2
68.61,1
71.46,1
73.85,1
75.09,1
73.89,1
71.31,1
69.07,1
68.59,1
71.12,1
73.81,1
74.30,1
74.72,1
72.76,1
69.53,1
68.89,1
69.86,1
74.27,1
75.49,1
73.05,1
68.08,1
68.90,1
74.59,1
74.94,1
67.41,1
68.77,1
76.10,1
72.90,1
66.00,1
71.93,1
75.94,1
68.33,1
68.78,1
76.86,1
69.14,1
67.74,1
76.89,1
69.03,1
68.02,1
76.85,1
69.19,1
67.53,1
76.84,1
69.33,1
67.65,1
77.02,1
71.89,1
67.86,1
68.85,1
76.08,1
71.52,1
66.25,1
73.40,1
74.61,1
65.42,1
75.03,1
71.68,1
66.65,1
77.50,1
65.00,1
75.59,1
69.83,1
70.23,1
73.43,1
69.43,1
71.46,1
72.37,1
69.24,1
73.88,1
67.41,1
77.33,1
65.00,1
76.56,1
68.98,1
69.98,1
76.12,1
65.28,1
77.36,1
67.29,1
71.69,1
75.65,1
65.34,1
74.68,1
73.99,1
65.59,1
74.71,1
74.50,1
66.44,1
71.14,1
77.05,1
68.83,1
76.26,1
71.48,1
66.09,1
72.90,1
75.40,1
69.24,1
67.28,1
76.09,1
71.06,1
67.03,1
76.81,1
68.28,1
69.67,1
75.83,1
65.83,1
77.98,1
65.26,1
77.91,1
64.83,1
78.36,1
65.22,1
77.43,1
66.50,1
74.89,1
69.47,1
72.32,1
73.37,1
67.08,1
78.09,1
65.64,1
72.53,1
75.93,1
65.68,1
75.38,1
72.23,1
66.95,1
77.57,1
69.19,1
68.70,1
77.23,1
67.68,1
70.78,1
75.92,1
65.76,1
73.61,1
69.77,1
75.87,1
72.90,1
65.82,1
72.74,1
75.57,1
65.42,1
75.84,1
70.62,1
69.79,1
75.22,1
66.57,1
77.26,1
65.50,1
77.46,1
66.38,1
77.11,1
66.48,1
75.03,1
68.73,1
73.22,1
71.31,1
69.76,1
74.94,1
66.97,1
76.72,1
65.22,1
77.95,1
66.01,1
74.65,1
70.80,1
69.08,1
75.81,1
65.87,1
77.64,1
67.13,1
72.00,1
74.13,1
66.01,1
77.04,1
70.11,1
68.00,1
77.43,1
68.09,1
69.84,1
67.84,1
67.40,1
75.60,1
72.87,1
66.32,1
70.46,1
76.30,1
68.40,1
68.05,1
76.83,1
67.48,1
71.79,1
73.67,1
66.03,1
77.70,1
64.81,1
78.11,1
64.90,1
77.67,1
64.92,1
76.92,1
65.76,1
76.97,1
64.82,1
77.21,1
65.03,1
77.14,1
65.85,1
74.44,1
69.90,1
70.82,1
73.30,1
66.78,1
77.25,1
65.02,1
75.74,1
69.55,1
69.42,1
73.34,1
66.19,1
77.34,1
65.68,1
74.22,1
69.86,1
69.19,1
71.25,1
71.34,1
73.32,1
72.32,1
72.19,1
70.55,1
69.27,1
68.98,1
68.87,1
71.55,1
75.01,1
72.37,1
68.17,1
67.63,1
71.08,1
74.88,1
71.92,1
66.03,1
72.20,1
75.31,1
66.97,1
68.98,1
76.56,1
67.95,1
68.90,1
76.34,1
66.56,1
70.72,1
75.66,1
65.74,1
70.79,1
75.41,1
65.79,1
70.98,1
75.02,1
64.81,1
74.99,1
69.97,1
67.35,1
76.61,1
65.33,1
71.83,1
74.36,1
64.35,1
74.88,1
69.87,1
70.40,1
70.95,1
70.24,1
70.72,1
70.07,1
70.46,1
72.51,1
70.94,1
70.40,1
70.15,1
70.85,1
69.92,1
68.96,1
68.22,1
68.41,1
69.96,1
72.46,1
73.73,1
71.06,1
67.04,1
67.88,1
71.65,1
74.21,1
70.15,1
66.24,1
70.11,1
75.19,1
70.74,1
65.69,1
73.00,1
73.88,1
65.29,1
72.00,1
74.79,1
66.30,1
69.93,1
75.43,1
65.90,1
70.50,1
75.04,1
65.45,1
72.20,1
73.64,1
65.10,1
70.72,1
71.34,1
70.57,1
70.84,1
71.19,1
70.60,1
70.89,1
70.52,1
69.92,1
69.35,1
69.96,1
71.19,1
72.68,1
72.54,1
71.43,1
70.54,1
68.60,1
67.43,1
69.39,1
70.36,1
73.13,1
73.06,1
71.27,1
68.69,1
68.03,1
69.23,1
71.86,1
73.68,1
71.60,1
67.39,1
68.00,1
69.94,1
73.25,1
72.79,1
69.42,1
66.72,1
69.60,1
74.13,1
72.41,1
66.43,1
67.51,1
71.92,1
72.34,1
70.40,1
66.05,1
70.16,1
70.39,1
70.65,1
69.99,1
70.55,1
70.31,1
69.05,1
69.77,1
69.20,1
69.45,1
71.51,1
73.43,1
72.37,1
69.10,1
67.20,1
68.99,1
72.66,1
74.29,1
67.52,1
67.78,1
74.14,1
73.07,1
67.10,1
67.90,1
76.47,1
68.26,1
67.53,1
76.14,1
66.19,1
69.13,1
76.70,1
65.60,1
71.57,1
74.46,1
64.77,1
73.67,1
72.41,1
65.52,1
76.84,1
65.60,1
72.64,1
71.86,1
66.81,1
76.78,1
64.84,1
86.37,1
87.28,1
85.80,1
84.75,1
82.84,1
81.85,1
80.40,1
80.45,1
80.43,1
81.78,1
83.72,1
85.10,1
86.58,1
86.03,1
84.46,1
82.84,1
82.28,1
83.81,1
85.97,1
86.56,1
85.96,1
84.54,1
82.93,1
84.38,1
85.46,1
86.18,1
84.52,1
83.87,1
91.63,1
90.65,1
85.25,1
80.25,1
78.85,1
81.92,1
85.48,1
88.77,1
89.60,1
90.51,1
89.91,1
88.12,1
84.47,1
80.56,1
79.50,1
79.77,1
81.58,1
68.38,1
66.35,1
69.13,1
72.20,1
76.81,1
75.84,1
72.63,1
67.66,1
65.88,1
71.01,1
76.85,1
76.48,1
70.69,1
65.36,1
67.55,1
77.66,1
76.97,1
67.07,1
64.79,1
75.74,1
78.71,1
67.36,1
65.39,1
76.22,1
77.98,1
63.92,1
68.40,1
80.68,1
69.33,1
63.91,1
77.83,1
76.01,1
62.60,1
71.03,1
80.18,1
67.85,1
64.24,1
79.28,1
74.36,1
62.47,1
74.10,1
78.96,1
65.93,1
66.64,1
80.78,1
67.93,1
71.92,1
76.92,1
76.13,1
70.84,1
65.12,1
67.93,1
73.59,1
78.41,1
75.15,1
66.23,1
65.79,1
75.47,1
78.89,1
69.54,1
64.44,1
72.04,1
79.94,1
70.56,1
64.16,1
73.66,1
79.77,1
69.78,1
63.98,1
73.79,1
79.52,1
67.89,1
64.27,1
76.02,1
77.31,1
64.87,1
67.74,1
80.88,1
69.36,1
64.50,1
79.18,1
72.61,1
63.24,1
77.43,1
75.61,1
62.22,1
73.85,1
77.97,1
61.88,1
74.57,1
75.09,1
73.69,1
70.89,1
68.03,1
67.01,1
68.49,1
74.30,1
77.30,1
74.41,1
69.46,1
67.18,1
67.45,1
72.45,1
78.13,1
74.52,1
67.80,1
64.84,1
70.11,1
78.56,1
75.14,1
64.76,1
66.13,1
78.53,1
75.49,1
62.45,1
71.58,1
80.17,1
67.96,1
64.31,1
80.97,1
70.34,1
64.58,1
80.75,1
69.30,1
64.79,1
81.47,1
67.52,1
67.33,1
81.26,1
64.16,1
70.86,1
78.88,1
62.44,1
74.94,1
74.81,1
68.55,1
68.58,1
72.60,1
75.37,1
74.85,1
74.05,1
70.61,1
67.44,1
66.22,1
69.60,1
65.70,1
74.99,1
78.94,1
65.05,1
65.84,1
80.64,1
72.71,1
63.56,1
77.88,1
75.65,1
63.08,1
70.43,1
80.06,1
67.58,1
65.04,1
80.23,1
71.07,1
63.91,1
78.88,1
72.83,1
62.85,1
81.02,1
69.57,1
64.07,1
81.59,1
65.04,1
71.34,1
92.71,1
77.42,1
93.09,1
77.85,1
92.08,1
80.29,1
86.59,1
86.43,1
81.23,1
90.20,1
80.25,1
90.06,1
82.36,1
84.37,1
88.58,1
80.41,1
92.19,1
76.74,1
91.51,1
84.13,1
80.64,1
88.06,1
84.64,1
79.40,1
82.02,1
90.55,1
78.23,1
89.18,1
78.24,1
90.93,1
89.81,1
84.10,1
79.03,1
78.47,1
81.73,1
87.37,1
90.03,1
88.57,1
88.00,1
86.26,1
85.24,1
83.08,1
82.05,1
83.13,1
86.10,1
70.73,1
78.51,1
76.40,1
65.76,1
66.62,1
79.36,1
73.41,1
62.93,1
80.70,1
69.52,1
65.53,1
80.27,1
64.58,1
70.34,1
78.85,1
71.54,1
64.55,1
69.78,1
80.09,1
72.08,1
63.74,1
75.76,1
77.94,1
62.87,1
69.90,1
80.17,1
69.87,1
64.51,1
81.87,1
69.02,1
65.46,1
81.98,1
64.86,1
69.69,1
80.32,1
63.17,1
71.06,1
79.57,1
62.37,1
71.51,1
79.54,1
61.98,1
78.35,1
71.88,1
65.03,1
65.21,1
77.23,1
78.00,1
61.71,1
77.25,1
71.89,1
65.74,1
79.63,1
63.55,1
78.14,1
66.05,1
75.37,1
70.33,1
71.02,1
72.91,1
66.66,1
79.16,1
62.42,1
80.02,1
65.32,1
75.39,1
67.63,1
75.92,1
66.35,1
75.20,1
71.72,1
65.38,1
81.32,1
62.99,1
74.60,1
76.65,1
62.35,1
81.54,1
66.56,1
69.06,1
79.80,1
61.85,1
80.86,1
65.11,1
72.83,1
75.89,1
64.59,1
79.55,1
62.93,1
81.01,1
66.36,1
81.19,1
61.71,1
77.95,1
69.29,1
68.31,1
78.36,1
61.98,1
81.08,1
62.03,1
81.22,1
62.34,1
80.45,1
63.16,1
80.18,1
62.57,1
80.26,1
61.59,1
81.48,1
61.78,1
80.15,1
63.11,1
76.38,1
69.59,1
70.97,1
74.58,1
64.45,1
80.89,1
63.42,1
73.20,1
76.56,1
63.02,1
79.76,1
68.87,1
68.07,1
80.11,1
69.43,1
65.41,1
79.44,1
71.99,1
64.68,1
75.13,1
77.99,1
63.17,1
74.27,1
70.31,1
71.37,1
72.18,1
70.54,1
71.70,1
70.43,1
70.85,1
71.72,1
71.87,1
71.52,1
71.37,1
70.45,1
69.06,1
69.72,1
71.01,1
73.28,1
72.34,1
73.13,1
72.02,1
68.74,1
69.07,1
71.18,1
73.41,1
73.89,1
72.43,1
70.05,1
68.08,1
69.60,1
72.71,1
74.29,1
72.62,1
69.76,1
67.56,1
69.99,1
73.80,1
74.60,1
72.02,1
68.32,1
68.28,1
72.67,1
74.91,1
71.53,1
67.19,1
69.39,1
74.04,1
68.51,1
67.61,1
69.16,1
71.89,1
73.18,1
72.81,1
72.27,1
72.86,1
72.03,1
72.18,1
72.16,1
72.03,1
72.48,1
71.52,1
71.56,1
71.03,1
71.58,1
71.54,1
71.66,1
70.98,1
70.93,1
71.63,1
71.21,1
70.53,1
70.79,1
69.84,1
70.10,1
69.75,1
71.47,1
70.75,1
71.54,1
70.86,1
70.85,1
71.00,1
71.27,1
70.77,1
69.81,1
69.84,1
71.31,1
70.54,1
70.36,1
71.59,1
71.76,1
72.40,1
72.52,1
74.54,1
66.95,1
78.30,1
62.76,1
80.76,1
61.28,1
81.03,1
61.21,1
79.77,1
66.29,1
70.66,1
77.17,1
62.90,1
79.74,1
65.95,1
71.06,1
77.93,1
62.31,1
73.90,1
77.26,1
64.97,1
68.90,1
77.64,1
74.52,1
65.23,1
68.75,1
77.93,1
73.18,1
64.68,1
70.56,1
77.71,1
74.05,1
64.52,1
68.57,1
75.05,1
76.51,1
72.30,1
68.13,1
66.12,1
71.80,1
74.51,1
75.40,1
74.12,1
72.40,1
69.33,1
69.74,1
65.82,1
79.48,1
70.81,1
64.34,1
77.03,1
75.97,1
63.95,1
73.00,1
78.43,1
68.64,1
65.35,1
75.42,1
77.68,1
68.65,1
65.60,1
73.57,1
76.09,1
75.48,1
70.12,1
66.90,1
68.18,1
72.01,1
73.96,1
74.38,1
74.83,1
74.80,1
72.41,1
68.86,1
67.35,1
69.85,1
72.92,1
76.58,1
74.72,1
70.82,1
67.33,1
67.31,1
72.16,1
74.63,1
75.27,1
72.92,1
69.20,1
66.48,1
68.56,1
72.13,1
71.20,1
79.11,1
65.22,1
70.23,1
80.43,1
69.28,1
66.09,1
75.80,1
77.16,1
65.76,1
28.05,0
28.06,0
28.06,0
28.07,0
28.07,0
28.07,0
28.06,0
28.07,0
28.07,0
28.06,0
28.06,0
28.06,0
28.08,0
28.05,0
28.05,0
28.05,0
28.06,0
28.06,0
28.06,0
28.06,0
28.05,0
28.06,0
28.05,0
28.05,0
28.05,0
28.05,0
28.06,0
28.05,0
28.05,0
28.06,0
28.06,0
28.05,0
28.06,0
28.05,0
28.07,0
28.03,0
28.05,0
28.07,0
28.07,0
28.05,0
28.04,0
28.06,0
28.05,0
28.05,0
28.05,0
28.05,0
28.05,0
28.03,0
28.05,0
28.05,0
28.05,0
28.05,0
28.05,0
28.03,0
28.05,0
28.06,0
28.06,0
28.05,0
28.05,0
28.04,0
28.05,0
28.05,0
28.04,0
28.02,0
28.05,0
28.05,0
28.06,0
28.06,0
28.04,0
28.05,0
28.07,0
28.06,0
28.06,0
28.05,0
28.04,0
28.05,0
28.05,0
28.04,0
28.06,0
28.06,0
28.06,0
28.06,0
28.05,0
28.05,0
28.05,0
28.05,0
28.03,0
28.05,0
28.07,0
28.04,0
28.05,0
28.07,0
28.07,0
28.06,0
28.06,0
28.05,0
28.07,0
28.05,0
28.05,0
28.08,0
28.07,0
28.06,0
28.05,0
28.07,0
28.06,0
28.05,0
28.06,0
28.06,0
28.05,0
28.06,0
28.05,0
28.04,0
28.05,0
28.06,0
28.06,0
28.07,0
28.08,0
28.06,0
28.05,0
28.06,0
28.06,0
28.05,0
28.08,0
28.07,0
28.07,0
28.05,0
28.06,0
28.06,0
28.06,0
28.06,0
28.06,0
28.06,0
28.05,0
28.07,0
28.06,0
28.05,0
28.05,0
28.06,0
28.05,0
28.06,0
28.05,0
28.07,0
28.06,0
28.05,0
28.05,0
28.07,0
28.07,0
28.07,0
28.07,0
28.08,0
28.05,0
28.06,0
28.06,0
28.06,0
28.07,0
28.07,0
28.05,0
28.06,0
28.06,0
28.05,0
28.07,0
28.07,0
28.06,0
28.06,0
28.06,0
28.07,0
28.05,0
28.05,0
28.07,0
28.06,0
28.05,0
28.05,0
28.06,0
28.06,0
28.05,0
28.05,0
28.06,0
28.07,0
28.03,0
28.06,0
28.06,0
28.05,0
28.06,0
28.05,0
28.05,0
28.05,0
28.05,0
28.05,0
28.06,0
28.04,0
28.06,0
28.05,0
28.06,0
28.05,0
28.05,0
28.05,0
28.05,0
28.06,0
28.04,0
28.06,0
28.06,0
28.05,0
28.06,0
28.05,0
28.06,0
28.06,0
28.05,0
28.07,0
28.07,0
28.07,0
28.06,0
28.05,0
28.08,0
28.05,0
28.04,0
28.06,0
28.05,0
28.06,0
28.06,0
28.05,0
28.06,0
28.06,0
28.06,0
28.05,0
28.06,0
28.06,0
28.06,0
28.06,0
28.06,0
28.07,0
28.06,0
28.04,0
28.06,0
28.04,0
28.06,0
28.05,0
28.06,0
28.04,0
28.04,0
28.05,0
28.05,0
28.04,0
28.04,0
28.05,0
28.05,0
28.06,0
28.04,0
28.06,0
28.05,0
28.05,0
28.05,0
28.05,0
28.06,0
28.05,0
28.06,0
28.04,0
28.06,0
28.06,0
28.07,0
28.05,0
28.06,0
28.04,0
28.05,0
28.07,0
28.06,0
28.05,0
28.05,0
28.04,0
28.06,0
28.04,0
28.06,0
28.07,0
28.06,0
28.05,0
28.07,0
28.05,0
28.06,0
28.05,0
28.05,0
28.07,0
28.05,0
28.05,0
28.06,0
28.05,0
28.04,0
28.05,0
28.07,0
28.07,0
28.06,0
28.05,0
28.05,0
28.05,0
28.06,0
28.06,0
28.06,0
28.07,0
28.06,0
28.05,0
28.06,0
28.05,0
28.06,0
28.06,0
28.07,0
28.05,0
28.05,0
28.04,0
28.06,0
28.04,0
28.05,0
28.04,0
28.05,0
28.05,0
28.04,0
28.05,0
28.05,0
28.04,0
28.05,0
28.04,0
28.05,0
28.07,0
28.04,0
28.05,0
28.05,0
28.04,0
28.04,0
28.05,0
28.05,0
28.06,0
28.03,0
28.04,0
28.05,0
28.05,0
28.04,0
28.04,0
28.04,0
28.04,0
28.06,0
28.06,0
28.04,0
28.04,0
28.02,0
28.04,0
28.04,0
28.05,0
28.06,0
28.04,0
28.04,0
28.03,0
28.05,0
28.05,0
28.03,0
28.04,0
28.05,0
28.04,0
28.03,0
28.04,0
28.02,0
28.03,0
28.02,0
28.02,0
27.96,0
27.97,0
27.97,0
27.95,0
27.97,0
27.96,0
27.96,0
27.96,0
27.96,0
27.96,0
27.95,0
27.96,0
27.96,0
27.95,0
27.95,0
27.96,0
27.97,0
27.97,0
27.97,0
27.96,0
27.96,0
27.95,0
27.96,0
27.97,0
27.96,0
27.96,0
27.97,0
27.98,0
27.96,0
27.98,0
27.97,0
27.96,0
27.96,0
27.96,0
27.95,0
27.96,0
27.95,0
27.98,0
27.98,0
27.96,0
27.98,0
27.97,0
27.96,0
27.97,0
27.97,0
27.96,0
27.98,0
27.96,0
27.97,0
27.96,0
27.96,0
27.96,0
27.96,0
27.94,0
27.95,0
27.97,0
27.95,0
27.95,0
27.96,0
27.96,0
27.96,0
27.95,0
27.97,0
27.96,0
27.96,0
27.98,0
27.96,0
27.96,0
27.97,0
27.95,0
27.96,0
27.95,0
27.96,0
27.97,0
27.96,0
27.97,0
27.97,0
27.98,0
27.97,0
27.96,0
27.96,0
27.95,0
27.95,0
27.96,0
27.95,0
27.97,0
27.96,0
27.96,0
27.94,0
27.96,0
27.98,0
27.96,0
27.96,0
27.95,0
27.96,0
27.95,0
27.94,0
27.96,0
27.96,0
27.96,0
27.96,0
27.97,0
27.96,0
27.97,0
27.96,0
27.97,0
27.97,0
27.95,0
27.97,0
27.97,0
27.96,0
27.97,0
27.95,0
27.96,0
27.94,0
27.97,0
27.96,0
27.96,0
27.96,0
27.97,0
27.96,0
27.95,0
27.96,0
27.97,0
27.96,0
27.97,0
27.95,0
27.96,0
27.97,0
27.95,0
27.95,0
27.96,0
27.95,0
27.97,0
27.97,0
27.95,0
27.96,0
27.96,0
27.97,0
27.97,0
27.95,0
27.95,0
27.94,0
27.96,0
27.96,0
27.96,0
27.96,0
27.95,0
27.96,0
27.96,0
27.97,0
27.96,0
27.96,0
27.97,0
27.96,0
27.97,0
27.95,0
27.96,0
27.95,0
27.96,0
27.96,0
27.94,0
27.96,0
27.97,0
27.96,0
27.96,0
27.96,0
27.95,0
27.96,0
27.96,0
27.97,0
27.97,0
27.96,0
27.96,0
27.95,0
27.96,0
27.95,0
27.95,0
27.97,0
27.95,0
27.96,0
27.96,0
27.96,0
27.96,0
27.97,0
27.95,0
27.96,0
27.94,0
27.96,0
27.96,0
27.96,0
27.95,0
27.96,0
27.97,0
27.95,0
27.96,0
27.96,0
27.97,0
27.96,0
27.97,0
27.96,0
27.96,0
27.96,0
27.96,0
27.97,0
27.96,0
27.96,0
27.95,0
27.96,0
27.95,0
27.96,0
27.96,0
27.96,0
27.96,0
27.96,0
27.96,0
27.97,0
27.95,0
27.95,0
27.97,0
27.94,0
27.96,0
27.96,0
27.95,0
27.96,0
27.96,0
27.96,0
27.95,0
27.96,0
27.97,0
27.95,0
27.95,0
27.95,0
27.95,0
27.96,0
27.95,0
27.95,0
27.94,0
27.95,0
27.95,0
27.95,0
27.96,0
27.96,0
27.95,0
27.96,0
27.96,0
27.96,0
27.96,0
27.95,0
27.95,0
27.96,0
27.97,0
27.96,0
27.95,0
27.97,0
27.95,0
27.96,0
27.96,0
27.95,0
27.96,0
27.95,0
27.97,0
27.96,0
27.95,0
27.96,0
27.97,0
27.96,0
27.96,0
27.96,0
27.94,0
27.96,0
27.95,0
27.97,0
27.94,0
27.96,0
27.96,0
27.95,0
27.96,0
27.95,0
27.95,0
27.96,0
27.95,0
27.97,0
27.95,0
27.95,0
27.96,0
27.95,0
27.98,0
27.96,0
27.96,0
27.96,0
27.95,0
27.96,0
27.95,0
27.96,0
27.95,0
27.96,0
27.94,0
27.95,0
27.94,0
27.97,0
27.96,0
27.95,0
27.95,0
27.97,0
27.95,0
27.97,0
27.96,0
27.94,0
27.96,0
27.96,0
27.96,0
27.95,0
27.97,0
27.95,0
27.97,0
27.94,0
27.95,0
27.96,0
27.97,0
27.95,0
27.95,0
27.97,0
27.96,0
27.96,0
27.97,0
27.97,0
27.97,0
27.95,0
27.96,0
27.97,0
27.94,0
27.94,0
27.96,0
27.96,0
27.96,0
27.96,0
27.96,0
27.95,0
27.95,0
27.96,0
27.96,0
27.96,0
27.95,0
27.96,0
27.97,0
27.95,0
27.95,0
27.96,0
27.95,0
27.96,0
27.96,0
27.94,0
27.96,0
27.95,0
27.98,0
27.95,0
27.96,0
27.95,0
27.98,0
27.96,0
27.96,0
27.97,0
27.94,0
27.96,0
27.95,0
27.95,0
27.96,0
27.95,0
27.98,0
27.95,0
27.97,0
27.96,0
27.96,0
27.95,0
27.96,0
27.95,0
27.95,0
27.97,0
27.98,0
27.96,0
27.96,0
27.96,0
27.96,0
27.95,0
27.97,0
27.97,0
27.95,0
27.96,0
27.97,0
27.96,0
27.96,0
27.97,0
27.98,0
27.96,0
27.95,0
27.96,0
27.97,0
27.97,0
27.95,0
27.96,0
27.97,0
27.96,0
27.96,0
27.98,0
27.96,0
27.94,0
27.95,0
27.94,0
27.95,0
27.94,0
27.96,0
27.95,0
27.95,0
27.96,0
27.95,0
27.94,0
27.95,0
27.96,0
27.97,0
27.94,0
27.95,0
27.95,0
27.95,0
27.95,0
27.95,0
27.95,0
27.94,0
27.95,0
27.96,0
27.95,0
27.97,0
27.96,0
27.96,0
27.95,0
27.96,0
27.96,0
27.96,0
27.95,0
27.96,0
27.96,0
27.95,0
27.95,0
27.96,0
27.95,0
27.97,0
27.97,0
27.96,0
27.96,0
27.96,0
27.98,0
27.95,0
27.97,0
27.97,0
27.95,0
27.95,0
27.97,0
27.96,0
27.97,0
27.95,0
27.97,0
27.97,0
27.96,0
27.96,0
27.96,0
27.97,0
27.97,0
27.96,0
27.97,0
27.96,0
27.97,0
27.95,0
27.97,0
27.97,0
27.95,0
27.96,0
27.98,0
27.98,0
27.98,0
27.96,0
27.95,0
27.97,0
27.96,0
27.97,0
27.96,0
27.97,0
27.97,0
27.98,0
27.96,0
27.98,0
27.97,0
27.96,0
27.97,0
27.96,0
27.97,0
27.97,0
27.98,0
27.97,0
27.97,0
27.97,0
27.96,0
27.96,0
27.98,0
27.96,0
27.96,0
27.99,0
27.97,0
27.99,0
27.97,0
27.97,0
27.98,0
27.97,0
27.97,0
27.97,0
27.97,0
27.98,0
27.98,0
27.96,0
27.97,0
27.96,0
27.99,0
27.98,0
27.97,0
27.97,0
27.97,0
27.96,0
27.95,0
27.97,0
27.98,0
27.95,0
27.97,0
27.96,0
27.97,0
27.97,0
27.95,0
27.97,0
27.96,0
27.96,0
27.96,0
27.96,0
27.97,0
27.96,0
27.98,0
27.98,0
27.97,0
27.97,0
27.97,0
27.97,0
27.96,0
27.97,0
27.96,0
27.96,0
27.97,0
27.97,0
27.97,0
27.97,0
27.97,0
27.98,0
27.99,0
27.98,0
27.97,0
27.97,0
27.98,0
27.97,0
27.97,0
27.99,0
27.97,0
27.97,0
27.98,0
27.97,0
27.98,0
27.98,0
27.97,0
27.97,0
27.99,0
27.97,0
27.96,0
27.96,0
27.97,0
27.98,0
27.96,0
27.97,0
27.98,0
27.99,0
27.98,0
27.97,0
27.98,0
27.97,0
27.97,0
27.98,0
27.97,0
27.97,0
27.99,0
27.97,0
27.98,0
27.97,0
27.98,0
27.97,0
27.97,0
27.97,0
27.96,0
27.99,0
27.98,0
27.96,0
27.98,0
27.98,0
28.00,0
27.99,0
27.98,0
27.96,0
27.96,0
27.99,0
27.97,0
27.97,0
27.98,0
27.98,0
27.97,0
27.98,0
27.98,0
27.98,0
27.97,0
27.99,0
27.97,0
27.99,0
27.97,0
27.99,0
27.98,0
27.96,0
27.97,0
27.98,0
27.97,0
27.97,0
27.98,0
27.96,0
27.99,0
27.97,0
27.96,0
27.97,0
27.97,0
27.97,0
140.13,3
139.50,3
139.52,3
139.81,3
140.30,3
141.24,3
141.13,3
140.83,3
141.35,3
141.70,3
141.84,3
141.78,3
141.96,3
141.80,3
142.00,3
141.92,3
142.93,3
142.32,3
142.93,3
142.19,3
141.76,3
142.19,3
142.23,3
142.35,3
141.70,3
141.96,3
142.04,3
143.18,3
143.20,3
143.52,3
142.81,3
142.36,3
143.08,3
142.18,3
141.55,3
141.29,3
141.20,3
141.51,3
141.14,3
141.01,3
141.33,3
141.64,3
141.61,3
141.69,3
141.61,3
139.27,3
139.63,3
140.40,3
140.11,3
139.96,3
140.71,3
141.06,3
141.32,3
141.42,3
141.35,3
141.41,3
141.76,3
142.39,3
142.04,3
142.53,3
142.48,3
143.50,3
142.63,3
141.92,3
141.37,3
141.90,3
141.45,3
142.24,3
142.03,3
141.87,3
141.85,3
141.99,3
141.76,3
142.46,3
142.42,3
142.49,3
142.26,3
142.35,3
142.86,3
142.39,3
143.29,3
143.09,3
143.04,3
143.69,3
143.74,3
143.17,3
143.02,3
142.74,3
143.78,3
143.35,3
142.26,3
142.06,3
142.11,3
142.44,3
142.58,3
142.91,3
143.44,3
142.61,3
142.65,3
143.47,3
143.88,3
144.32,3
143.64,3
143.71,3
143.36,3
143.35,3
143.23,3
143.39,3
143.00,3
142.49,3
142.71,3
142.63,3
142.77,3
142.68,3
142.82,3
142.42,3
142.52,3
143.03,3
142.76,3
142.80,3
142.74,3
142.24,3
141.83,3
142.10,3
142.33,3
142.17,3
142.64,3
142.45,3
141.58,3
139.95,3
140.55,3
141.18,3
141.16,3
141.52,3
141.42,3
142.14,3
142.08,3
142.49,3
142.06,3
141.96,3
142.84,3
142.32,3
142.52,3
142.93,3
142.16,3
142.24,3
142.00,3
141.55,3
141.64,3
141.94,3
141.37,3
141.45,3
141.62,3
142.26,3
142.82,3
143.28,3
144.05,3
144.46,3
144.68,3
144.46,3
143.77,3
143.97,3
144.18,3
144.70,3
144.86,3
144.47,3
143.59,3
144.19,3
143.88,3
144.47,3
144.06,3
144.75,3
144.74,3
145.00,3
144.80,3
144.49,3
143.97,3
144.48,3
143.70,3
142.96,3
142.22,3
142.31,3
142.74,3
142.90,3
143.45,3
143.26,3
143.30,3
142.34,3
141.36,3
140.99,3
141.16,3
141.30,3
143.41,3
145.57,3
146.71,3
142.82,3
142.52,3
142.63,3
143.43,3
143.10,3
142.69,3
143.18,3
143.40,3
144.11,3
144.02,3
144.43,3
144.28,3
144.24,3
144.20,3
144.10,3
144.23,3
144.31,3
144.24,3
144.71,3
144.77,3
144.09,3
143.39,3
143.68,3
143.75,3
143.78,3
143.67,3
143.95,3
144.17,3
144.07,3
144.07,3
144.30,3
143.56,3
143.43,3
143.60,3
144.44,3
143.55,3
143.47,3
144.00,3
143.94,3
143.83,3
143.35,3
143.67,3
143.07,3
143.37,3
143.99,3
144.38,3
143.98,3
143.51,3
143.73,3
143.37,3
143.28,3
143.31,3
143.70,3
143.70,3
143.45,3
143.52,3
143.81,3
144.35,3
143.77,3
143.43,3
143.30,3
143.73,3
143.58,3
143.90,3
143.46,3
143.34,3
143.59,3
143.43,3
143.47,3
143.76,3
143.70,3
143.92,3
144.02,3
143.35,3
143.03,3
142.45,3
142.16,3
141.81,3
142.37,3
142.26,3
142.48,3
142.23,3
142.46,3
141.96,3
142.17,3
142.02,3
142.24,3
142.40,3
142.23,3
142.16,3
142.52,3
142.21,3
142.33,3
142.32,3
142.21,3
142.05,3
141.99,3
141.83,3
142.15,3
141.92,3
141.85,3
141.65,3
141.87,3
141.65,3
141.43,3
141.64,3
141.54,3
141.81,3
141.50,3
141.51,3
141.28,3
141.41,3
141.22,3
141.53,3
141.87,3
141.79,3
141.86,3
141.93,3
141.90,3
142.04,3
140.78,3
140.83,3
140.41,3
140.81,3
141.47,3
141.56,3
142.23,3
141.98,3
142.07,3
142.14,3
142.76,3
142.72,3
142.19,3
141.99,3
142.18,3
141.70,3
141.85,3
141.70,3
141.91,3
142.07,3
142.80,3
145.38,3
141.56,3
140.89,3
141.11,3
141.93,3
141.86,3
142.04,3
142.25,3
142.48,3
142.22,3
142.41,3
142.75,3
142.84,3
142.58,3
142.70,3
142.79,3
143.04,3
142.63,3
142.66,3
143.13,3
142.86,3
142.94,3
142.84,3
142.71,3
141.75,3
141.54,3
141.74,3
141.37,3
141.58,3
141.67,3
141.75,3
141.82,3
141.81,3
142.05,3
142.06,3
142.92,3
142.35,3
142.23,3
142.13,3
142.07,3
142.43,3
141.97,3
141.84,3
142.47,3
143.00,3
143.67,3
143.41,3
142.81,3
143.09,3
144.08,3
143.84,3
143.67,3
143.65,3
143.29,3
142.94,3
143.34,3
143.24,3
143.51,3
143.20,3
143.27,3
143.12,3
143.16,3
143.20,3
143.16,3
143.28,3
143.20,3
143.13,3
143.12,3
146.22,3
142.21,3
142.04,3
141.96,3
142.21,3
142.41,3
142.74,3
143.01,3
143.29,3
143.45,3
143.63,3
143.54,3
143.49,3
142.96,3
142.15,3
142.77,3
142.94,3
142.90,3
142.93,3
142.75,3
142.74,3
142.77,3
142.55,3
142.53,3
142.26,3
142.36,3
142.53,3
142.36,3
142.48,3
141.91,3
141.78,3
142.05,3
141.96,3
142.72,3
143.35,3
142.95,3
143.01,3
142.94,3
143.10,3
143.09,3
142.59,3
142.59,3
142.56,3
142.38,3
142.03,3
141.91,3
141.49,3
141.25,3
141.22,3
141.38,3
141.66,3
141.68,3
141.75,3
141.77,3
142.19,3
142.18,3
142.14,3
141.99,3
142.15,3
142.14,3
142.13,3
142.28,3
142.27,3
142.08,3
142.14,3
142.36,3
142.48,3
141.87,3
142.33,3
142.41,3
142.19,3
142.11,3
142.10,3
142.02,3
142.17,3
141.70,3
141.92,3
141.77,3
141.85,3
141.90,3
141.82,3
142.09,3
142.25,3
142.11,3
141.77,3
141.68,3
142.12,3
142.96,3
143.15,3
143.05,3
142.99,3
141.09,3
141.10,3
141.22,3
141.32,3
141.78,3
141.92,3
141.96,3
141.57,3
141.44,3
141.69,3
141.89,3
142.48,3
142.83,3
142.77,3
142.52,3
142.26,3
142.35,3
142.51,3
142.49,3
142.43,3
142.53,3
142.35,3
142.36,3
142.37,3
142.59,3
142.92,3
142.60,3
142.86,3
142.77,3
142.58,3
142.57,3
142.53,3
142.55,3
142.18,3
142.14,3
142.34,3
142.47,3
142.44,3
141.95,3
141.85,3
142.45,3
143.27,3
142.84,3
143.13,3
143.06,3
140.77,3
140.27,3
140.03,3
140.28,3
140.41,3
140.71,3
141.53,3
141.42,3
141.46,3
141.62,3
141.08,3
141.76,3
141.27,3
140.69,3
141.54,3
141.17,3
140.93,3
141.11,3
141.52,3
141.87,3
141.44,3
141.77,3
141.30,3
141.63,3
141.76,3
141.90,3
141.68,3
141.27,3
141.64,3
141.56,3
141.85,3
141.81,3
142.02,3
142.07,3
142.12,3
142.42,3
142.61,3
142.63,3
142.80,3
142.62,3
142.41,3
142.55,3
141.87,3
142.44,3
142.41,3
140.49,3
141.35,3
141.00,3
141.48,3
141.77,3
141.90,3
141.72,3
142.45,3
141.85,3
142.68,3
142.59,3
142.39,3
142.53,3
142.39,3
142.55,3
142.39,3
142.49,3
142.37,3
142.63,3
142.14,3
141.75,3
141.71,3
142.29,3
141.89,3
141.80,3
141.40,3
142.21,3
142.35,3
141.28,3
141.02,3
141.59,3
141.66,3
142.21,3
141.77,3
142.05,3
141.58,3
141.70,3
142.51,3
141.47,3
141.14,3
141.00,3
141.51,3
141.19,3
141.14,3
142.08,3
142.46,3
142.54,3
143.41,3
144.35,3
144.30,3
144.12,3
144.14,3
143.84,3
143.74,3
143.63,3
143.36,3
143.55,3
143.88,3
144.06,3
144.01,3
144.13,3
144.19,3
144.43,3
144.34,3
144.59,3
144.68,3
144.92,3
144.60,3
144.77,3
144.77,3
145.32,3
145.00,3
146.88,3
146.82,3
145.62,3
143.72,3
144.09,3
144.20,3
144.65,3
144.74,3
144.38,3
144.43,3
145.35,3
145.35,3
145.28,3
145.20,3
145.34,3
146.02,3
146.63,3
145.51,3
145.40,3
144.98,3
145.50,3
145.06,3
144.68,3
145.32,3
145.09,3
145.52,3
144.39,3
144.88,3
145.17,3
145.55,3
145.61,3
145.72,3
145.65,3
144.46,3
144.76,3
144.95,3
144.14,3
144.31,3
144.38,3
144.34,3
144.47,3
144.35,3
144.22,3
144.06,3
143.91,3
144.12,3
143.71,3
143.50,3
143.12,3
142.83,3
143.02,3
143.16,3
143.22,3
142.89,3
143.11,3
143.26,3
142.87,3
143.06,3
143.04,3
143.21,3
142.89,3
143.60,3
143.59,3
144.30,3
144.24,3
144.31,3
144.78,3
144.02,3
144.44,3
144.67,3
144.85,3
144.52,3
143.76,3
143.50,3
143.58,3
144.18,3
143.92,3
143.37,3
143.26,3
143.14,3
143.35,3
144.08,3
143.59,3
143.95,3
143.98,3
143.74,3
143.34,3
143.29,3
142.93,3
142.90,3
142.69,3
142.79,3
143.31,3
143.20,3
142.81,3
143.01,3
142.89,3
142.53,3
142.60,3
142.54,3
142.75,3
142.59,3
142.18,3
141.70,3
142.19,3
142.60,3
142.83,3
142.48,3
143.23,3
143.26,3
142.54,3
142.39,3
142.35,3
142.28,3
142.30,3
142.19,3
142.73,3
142.40,3
142.60,3
142.52,3
142.89,3
142.66,3
142.80,3
142.55,3
142.84,3
142.61,3
142.70,3
142.60,3
142.40,3
142.74,3
142.95,3
142.78,3
143.31,3
142.96,3
142.95,3
143.08,3
143.03,3
143.12,3
143.23,3
143.14,3
143.43,3
143.41,3
143.12,3
143.00,3
143.06,3
142.72,3
143.13,3
143.20,3
142.97,3
143.12,3
142.89,3
142.97,3
142.60,3
142.68,3
143.08,3
142.63,3
142.06,3
142.13,3
141.87,3
142.10,3
142.00,3
141.83,3
142.16,3
142.68,3
142.58,3
142.98,3
143.12,3
142.45,3
142.49,3
142.23,3
142.48,3
142.78,3
142.97,3
142.94,3
142.97,3
142.58,3
142.23,3
142.34,3
142.55,3
142.86,3
142.85,3
142.74,3
143.11,3
143.17,3
143.04,3
142.88,3
142.91,3
142.73,3
143.18,3
143.32,3
143.18,3
142.94,3
143.20,3
143.06,3
143.13,3
142.89,3
142.99,3
143.65,3
142.67,3
142.75,3
142.70,3
142.09,3
142.15,3
142.76,3
142.86,3
142.81,3
142.74,3
142.90,3
142.70,3
142.60,3
142.61,3
142.47,3
142.47,3
142.78,3
143.09,3
143.10,3
143.61,3
143.76,3
143.58,3
143.41,3
143.34,3
143.27,3
143.22,3
142.94,3
143.11,3
143.11,3
143.30,3
143.31,3
143.58,3
143.62,3
143.75,3
143.73,3
144.15,3
143.56,3
143.91,3
143.96,3
143.90,3
144.18,3
144.57,3
144.60,3
144.39,3
144.26,3
144.26,3
143.15,3
142.53,3
142.46,3
142.61,3
142.44,3
142.63,3
142.52,3
142.71,3
142.94,3
142.94,3
142.81,3
142.43,3
142.56,3
142.67,3
142.76,3
143.01,3
143.11,3
142.71,3
143.43,3
142.82,3
142.82,3
142.87,3
143.25,3
143.21,3
143.11,3
143.69,3
143.58,3
143.19,3
142.88,3
142.91,3
143.18,3
143.78,3
143.59,3
143.80,3
143.70,3
143.55,3
143.65,3
143.35,3
143.57,3
144.04,3
144.48,3
145.10,3
145.51,3
145.63,3
145.57,3
144.07,3
144.54,3
144.51,3
144.60,3
144.92,3
144.66,3
144.46,3
145.02,3
144.67,3
144.31,3
144.37,3
143.39,3
143.42,3
143.04,3
142.98,3
143.24,3
143.51,3
143.32,3
143.05,3
142.79,3
142.64,3
143.05,3
143.37,3
143.30,3
143.61,3
143.33,3
142.79,3
142.71,3
142.63,3
142.18,3
142.82,3
142.83,3
142.72,3
143.25,3
143.09,3
143.02,3
143.09,3
143.45,3
143.41,3
143.11,3
143.37,3
143.59,3
143.28,3
143.02,3
143.10,3
142.68,3
142.72,3
142.50,3
142.28,3
142.56,3
143.29,3
143.52,3
143.48,3
143.36,3
142.83,3
